4

0
0.000000
5.000000
0.000000
0.000000
0.000000
45.000000
0.000000
0.000000
0.000000
0.000000
0.000000
0.000000
0.000000
0.000000
0.000000
0.000000
0.000000
0.000000
0.000000
0.000000
0.000000
0.000000
0.000000
0.000000
0.000000
1.000000

1
0.000000
4.000000
0.000000
0.000000
0.000000
40.000000
0.000000
0.000000
40.000000
0.000000
0.000000
-40.000000
0.000000
0.000000
0.000000
0.000000
40.000000
0.000000
0.000000
-40.000000
0.500000
-20.000000
20.000000
-20.000000
20.000000
1.000000

2
0.000000
4.000000
0.000000
0.000000
0.000000
35.000000
0.000000
0.000000
0.000000
0.000000
0.000000
0.000000
0.000000
0.000000
0.000000
0.000000
-40.000000
0.000000
0.000000
40.000000
0.000000
20.000000
-20.000000
20.000000
-20.000000
1.000000

3
0.000000
3.000000
0.000000
0.000000
0.000000
30.000000
0.000000
20.000000
40.000000
10.000000
0.000000
-40.000000
-10.000000
0.000000
0.000000
0.000000
40.000000
0.000000
0.000000
-40.000000
0.250000
20.000000
-20.000000
-20.000000
20.000000
1.000000

4
0.000000
2.000000
0.000000
0.000000
0.000000
30.000000
0.000000
-20.000000
0.000000
0.000000
0.000000
0.000000
0.000000
0.000000
0.000000
0.000000
-40.000000
0.000000
0.000000
40.000000
0.000000
0.000000
0.000000
20.000000
-20.000000
1.000000

